4364
4498
4632
4766
4900
5034
5168
5302
5436
5570
5704
5838
5972
6106
6240
6374
6508
6642
6776
6910
7044
7178
7312
7446
7580
7714
7848
7982
8116
8250
8384
8518
8652
8786
8920
9054
9188
9322
9456
9590
9724
9858
9992
10126
10260
10394
10528
10662
10796
10930
11064
11198
11332
11466
11600
11734
11868
12002
12136
12270
12404
12538
12672
12806
12940
13074
13208
13342
13476
13610
13744
13878
14012
14146
14280
14414
14548
14682
14816
14950
15084
15218
15352
15486
15620
15754
15888
16022
16156
16290
16424
16558
16692
16826
16960
17094
17228
17362
17496
17630
17764
17898
18032
18166
18300
18434
18568
18702
18836
18970
