4369 4380 4372 4374 -120.0 2.5
4404 4407 4409 4411  0.0 0.0
4503 4514 4506 4508 -120.0 2.5
4538 4541 4543 4545  0.0 0.0
4637 4648 4640 4642 -120.0 2.5
4672 4675 4677 4679  0.0 0.0
4771 4782 4774 4776 -120.0 2.5
4806 4809 4811 4813  0.0 0.0
4905 4916 4908 4910 -120.0 2.5
4940 4943 4945 4947  0.0 0.0
5039 5050 5042 5044 -120.0 2.5
5074 5077 5079 5081  0.0 0.0
5173 5184 5176 5178 -120.0 2.5
5208 5211 5213 5215  0.0 0.0
5307 5318 5310 5312 -120.0 2.5
5342 5345 5347 5349  0.0 0.0
5441 5452 5444 5446 -120.0 2.5
5476 5479 5481 5483  0.0 0.0
5575 5586 5578 5580 -120.0 2.5
5610 5613 5615 5617  0.0 0.0
5709 5720 5712 5714 -120.0 2.5
5744 5747 5749 5751  0.0 0.0
5843 5854 5846 5848 -120.0 2.5
5878 5881 5883 5885  0.0 0.0
5977 5988 5980 5982 -120.0 2.5
6012 6015 6017 6019  0.0 0.0
6111 6122 6114 6116 -120.0 2.5
6146 6149 6151 6153  0.0 0.0
6245 6256 6248 6250 -120.0 2.5
6280 6283 6285 6287  0.0 0.0
6379 6390 6382 6384 -120.0 2.5
6414 6417 6419 6421  0.0 0.0
6513 6524 6516 6518 -120.0 2.5
6548 6551 6553 6555  0.0 0.0
6647 6658 6650 6652 -120.0 2.5
6682 6685 6687 6689  0.0 0.0
6781 6792 6784 6786 -120.0 2.5
6816 6819 6821 6823  0.0 0.0
6915 6926 6918 6920 -120.0 2.5
6950 6953 6955 6957  0.0 0.0
7049 7060 7052 7054 -120.0 2.5
7084 7087 7089 7091  0.0 0.0
7183 7194 7186 7188 -120.0 2.5
7218 7221 7223 7225  0.0 0.0
7317 7328 7320 7322 -120.0 2.5
7352 7355 7357 7359  0.0 0.0
7451 7462 7454 7456 -120.0 2.5
7486 7489 7491 7493  0.0 0.0
7585 7596 7588 7590 -120.0 2.5
7620 7623 7625 7627  0.0 0.0
7719 7730 7722 7724 -120.0 2.5
7754 7757 7759 7761  0.0 0.0
7853 7864 7856 7858 -120.0 2.5
7888 7891 7893 7895  0.0 0.0
7987 7998 7990 7992 -120.0 2.5
8022 8025 8027 8029  0.0 0.0
8121 8132 8124 8126 -120.0 2.5
8156 8159 8161 8163  0.0 0.0
8255 8266 8258 8260 -120.0 2.5
8290 8293 8295 8297  0.0 0.0
8389 8400 8392 8394 -120.0 2.5
8424 8427 8429 8431  0.0 0.0
8523 8534 8526 8528 -120.0 2.5
8558 8561 8563 8565  0.0 0.0
8657 8668 8660 8662 -120.0 2.5
8692 8695 8697 8699  0.0 0.0
8791 8802 8794 8796 -120.0 2.5
8826 8829 8831 8833  0.0 0.0
8925 8936 8928 8930 -120.0 2.5
8960 8963 8965 8967  0.0 0.0
9059 9070 9062 9064 -120.0 2.5
9094 9097 9099 9101  0.0 0.0
9193 9204 9196 9198 -120.0 2.5
9228 9231 9233 9235  0.0 0.0
9327 9338 9330 9332 -120.0 2.5
9362 9365 9367 9369  0.0 0.0
9461 9472 9464 9466 -120.0 2.5
9496 9499 9501 9503  0.0 0.0
9595 9606 9598 9600 -120.0 2.5
9630 9633 9635 9637  0.0 0.0
9729 9740 9732 9734 -120.0 2.5
9764 9767 9769 9771  0.0 0.0
9863 9874 9866 9868 -120.0 2.5
9898 9901 9903 9905  0.0 0.0
9997 10008 10000 10002 -120.0 2.5
10032 10035 10037 10039  0.0 0.0
10131 10142 10134 10136 -120.0 2.5
10166 10169 10171 10173  0.0 0.0
10265 10276 10268 10270 -120.0 2.5
10300 10303 10305 10307  0.0 0.0
10399 10410 10402 10404 -120.0 2.5
10434 10437 10439 10441  0.0 0.0
10533 10544 10536 10538 -120.0 2.5
10568 10571 10573 10575  0.0 0.0
10667 10678 10670 10672 -120.0 2.5
10702 10705 10707 10709  0.0 0.0
10801 10812 10804 10806 -120.0 2.5
10836 10839 10841 10843  0.0 0.0
10935 10946 10938 10940 -120.0 2.5
10970 10973 10975 10977  0.0 0.0
11069 11080 11072 11074 -120.0 2.5
11104 11107 11109 11111  0.0 0.0
11203 11214 11206 11208 -120.0 2.5
11238 11241 11243 11245  0.0 0.0
11337 11348 11340 11342 -120.0 2.5
11372 11375 11377 11379  0.0 0.0
11471 11482 11474 11476 -120.0 2.5
11506 11509 11511 11513  0.0 0.0
11605 11616 11608 11610 -120.0 2.5
11640 11643 11645 11647  0.0 0.0
11739 11750 11742 11744 -120.0 2.5
11774 11777 11779 11781  0.0 0.0
11873 11884 11876 11878 -120.0 2.5
11908 11911 11913 11915  0.0 0.0
12007 12018 12010 12012 -120.0 2.5
12042 12045 12047 12049  0.0 0.0
12141 12152 12144 12146 -120.0 2.5
12176 12179 12181 12183  0.0 0.0
12275 12286 12278 12280 -120.0 2.5
12310 12313 12315 12317  0.0 0.0
12409 12420 12412 12414 -120.0 2.5
12444 12447 12449 12451  0.0 0.0
12543 12554 12546 12548 -120.0 2.5
12578 12581 12583 12585  0.0 0.0
12677 12688 12680 12682 -120.0 2.5
12712 12715 12717 12719  0.0 0.0
12811 12822 12814 12816 -120.0 2.5
12846 12849 12851 12853  0.0 0.0
12945 12956 12948 12950 -120.0 2.5
12980 12983 12985 12987  0.0 0.0
13079 13090 13082 13084 -120.0 2.5
13114 13117 13119 13121  0.0 0.0
13213 13224 13216 13218 -120.0 2.5
13248 13251 13253 13255  0.0 0.0
13347 13358 13350 13352 -120.0 2.5
13382 13385 13387 13389  0.0 0.0
13481 13492 13484 13486 -120.0 2.5
13516 13519 13521 13523  0.0 0.0
13615 13626 13618 13620 -120.0 2.5
13650 13653 13655 13657  0.0 0.0
13749 13760 13752 13754 -120.0 2.5
13784 13787 13789 13791  0.0 0.0
13883 13894 13886 13888 -120.0 2.5
13918 13921 13923 13925  0.0 0.0
14017 14028 14020 14022 -120.0 2.5
14052 14055 14057 14059  0.0 0.0
14151 14162 14154 14156 -120.0 2.5
14186 14189 14191 14193  0.0 0.0
14285 14296 14288 14290 -120.0 2.5
14320 14323 14325 14327  0.0 0.0
14419 14430 14422 14424 -120.0 2.5
14454 14457 14459 14461  0.0 0.0
14553 14564 14556 14558 -120.0 2.5
14588 14591 14593 14595  0.0 0.0
14687 14698 14690 14692 -120.0 2.5
14722 14725 14727 14729  0.0 0.0
14821 14832 14824 14826 -120.0 2.5
14856 14859 14861 14863  0.0 0.0
14955 14966 14958 14960 -120.0 2.5
14990 14993 14995 14997  0.0 0.0
15089 15100 15092 15094 -120.0 2.5
15124 15127 15129 15131  0.0 0.0
15223 15234 15226 15228 -120.0 2.5
15258 15261 15263 15265  0.0 0.0
15357 15368 15360 15362 -120.0 2.5
15392 15395 15397 15399  0.0 0.0
15491 15502 15494 15496 -120.0 2.5
15526 15529 15531 15533  0.0 0.0
15625 15636 15628 15630 -120.0 2.5
15660 15663 15665 15667  0.0 0.0
15759 15770 15762 15764 -120.0 2.5
15794 15797 15799 15801  0.0 0.0
15893 15904 15896 15898 -120.0 2.5
15928 15931 15933 15935  0.0 0.0
16027 16038 16030 16032 -120.0 2.5
16062 16065 16067 16069  0.0 0.0
16161 16172 16164 16166 -120.0 2.5
16196 16199 16201 16203  0.0 0.0
16295 16306 16298 16300 -120.0 2.5
16330 16333 16335 16337  0.0 0.0
16429 16440 16432 16434 -120.0 2.5
16464 16467 16469 16471  0.0 0.0
16563 16574 16566 16568 -120.0 2.5
16598 16601 16603 16605  0.0 0.0
16697 16708 16700 16702 -120.0 2.5
16732 16735 16737 16739  0.0 0.0
16831 16842 16834 16836 -120.0 2.5
16866 16869 16871 16873  0.0 0.0
16965 16976 16968 16970 -120.0 2.5
17000 17003 17005 17007  0.0 0.0
17099 17110 17102 17104 -120.0 2.5
17134 17137 17139 17141  0.0 0.0
17233 17244 17236 17238 -120.0 2.5
17268 17271 17273 17275  0.0 0.0
17367 17378 17370 17372 -120.0 2.5
17402 17405 17407 17409  0.0 0.0
17501 17512 17504 17506 -120.0 2.5
17536 17539 17541 17543  0.0 0.0
17635 17646 17638 17640 -120.0 2.5
17670 17673 17675 17677  0.0 0.0
17769 17780 17772 17774 -120.0 2.5
17804 17807 17809 17811  0.0 0.0
17903 17914 17906 17908 -120.0 2.5
17938 17941 17943 17945  0.0 0.0
18037 18048 18040 18042 -120.0 2.5
18072 18075 18077 18079  0.0 0.0
18171 18182 18174 18176 -120.0 2.5
18206 18209 18211 18213  0.0 0.0
18305 18316 18308 18310 -120.0 2.5
18340 18343 18345 18347  0.0 0.0
18439 18450 18442 18444 -120.0 2.5
18474 18477 18479 18481  0.0 0.0
18573 18584 18576 18578 -120.0 2.5
18608 18611 18613 18615  0.0 0.0
18707 18718 18710 18712 -120.0 2.5
18742 18745 18747 18749  0.0 0.0
18841 18852 18844 18846 -120.0 2.5
18876 18879 18881 18883  0.0 0.0
18975 18986 18978 18980 -120.0 2.5
19010 19013 19015 19017  0.0 0.0
